eval_pearson = 0.838980654220616
eval_spearman = 0.8420308550708935
